#RunGr
380	D2   4.000	0.40	 0.70	5.270	3.729	pos	6537
380     Al   4.000	0.40	 0.70	5.270	3.729	pos	6538
380     D2   4.000	0.40	 0.70	5.270	3.729	neg	6545
380     Al   4.000	0.40	 0.70	5.270	3.729	neg	6546
390     D2   4.000	0.40	 0.60	5.270	3.195	pos	6541
390     Al   4.000	0.40	 0.60	5.270	3.195	pos	6539
390     D2   4.000	0.40	 0.60	5.270	3.195	neg	6548
390     D2   4.000	0.40	 0.60	5.270	3.195	neg	6549
390     Al   4.000	0.40	 0.60	5.270	3.195	neg	6547
400     D2   4.000	0.40	 0.50	5.270	2.662	pos	6542
400     D2   4.000	0.40	 0.50	5.270	2.662	pos	6543
400     Al   4.000	0.40	 0.50	5.270	2.662	pos	6544
400     D2   4.000	0.40	 0.50	5.270	2.662	neg	6550
400     D2   4.000	0.40	 0.50	5.270	2.662	neg	6551
400     Al   4.000	0.40	 0.50	5.270	2.662	neg	6552
