#RunGr
70     D2   4.000	0.35	 0.70	4.508	4.262	pos	6018
70     D2   4.000	0.35	 0.70	4.508	4.262	pos	6019
70     D2   4.000	0.35	 0.70	4.508	4.262	pos	6020
70     D2   4.000	0.35	 0.70	4.508	4.262	pos	6021
70     Al   4.000	0.35	 0.70	4.508	4.262	pos	6022
70     Al   4.000	0.35	 0.70	4.508	4.262	pos	6026
70     H2   4.000	0.35	 0.70	4.508	4.262	pos	6023
70     H2   4.000	0.35	 0.70	4.508	4.262	pos	6024
70     H2   4.000	0.35	 0.70	4.508	4.262	pos	6025
70     D2   4.000	0.35	 0.70	4.508	4.262	neg	6068
70     D2   4.000	0.35	 0.70	4.508	4.262	neg	6070
70     D2   4.000	0.35	 0.70	4.508	4.262	neg	6071
70     Al   4.000	0.35	 0.70	4.508	4.262	neg	6067
70     H2   4.000	0.35	 0.70	4.508	4.262	neg	6065
70     H2   4.000	0.35	 0.70	4.508	4.262	neg	6066
80     D2   4.000	0.35	 0.60	4.508	3.653	pos	6029
80     D2   4.000	0.35	 0.60	4.508	3.653	pos	6030
80     D2   4.000	0.35	 0.60	4.508	3.653	pos	6031
80     D2   4.000	0.35	 0.60	4.508	3.653	pos	6032
80     Al   4.000	0.35	 0.60	4.508	3.653	pos	6027
80     Al   4.000	0.35	 0.60	4.508	3.653	pos	6028
80     H2   4.000	0.35	 0.60	4.508	3.653	pos	6033
80     H2   4.000	0.35	 0.60	4.508	3.653	pos	6034
80     H2   4.000	0.35	 0.60	4.508	3.653	pos	6035
80     H2   4.000	0.35	 0.60	4.508	3.653	pos	6036
80     D2   4.000	0.35	 0.60	4.508	3.653	neg	6073
80     D2   4.000	0.35	 0.60	4.508	3.653	neg	6081
80     Al   4.000	0.35	 0.60	4.508	3.653	neg	6080
80     H2   4.000	0.35	 0.60	4.508	3.653	neg	6082
80     H2   4.000	0.35	 0.60	4.508	3.653	neg	6083
90     D2   4.000	0.35	 0.50	4.508	3.043	pos	6043
90     D2   4.000	0.35	 0.50	4.508	3.043	pos	6044
90     D2   4.000	0.35	 0.50	4.508	3.043	pos	6045
90     Al   4.000	0.35	 0.50	4.508	3.043	pos	6046
90     H2   4.000	0.35	 0.50	4.508	3.043	pos	6038
90     H2   4.000	0.35	 0.50	4.508	3.043	pos	6039
90     H2   4.000	0.35	 0.50	4.508	3.043	pos	6040
90     H2   4.000	0.35	 0.50	4.508	3.043	pos	6041
90     H2   4.000	0.35	 0.50	4.508	3.043	pos	6042
90     D2   4.000	0.35	 0.50	4.508	3.043	neg	6088
90     D2   4.000	0.35	 0.50	4.508	3.043	neg	6089
90     D2   4.000	0.35	 0.50	4.508	3.043	neg	6090
90     Al   4.000	0.35	 0.50	4.508	3.043	neg	6087
90     H2   4.000	0.35	 0.50	4.508	3.043	neg	6084
90     H2   4.000	0.35	 0.50	4.508	3.043	neg	6085
90     H2   4.000	0.35	 0.50	4.508	3.043	neg	6086
100     D2   4.000	0.35	 0.40	4.508	2.433	pos	6050
100     D2   4.000	0.35	 0.40	4.508	2.433	pos	6051
100     D2   4.000	0.35	 0.40	4.508	2.433	pos	6052
100     D2   4.000	0.35	 0.40	4.508	2.433	pos	6053
100     D2   4.000	0.35	 0.40	4.508	2.433	pos	6054
100     D2   4.000	0.35	 0.40	4.508	2.433	pos	6055
100     Al   4.000	0.35	 0.40	4.508	2.433	pos	6056
100     Al   4.000	0.35	 0.40	4.508	2.433	pos	6057
100     Al   4.000	0.35	 0.40	4.508	2.433	pos	6058
100     H2   4.000	0.35	 0.40	4.508	2.433	pos	6059
100     H2   4.000	0.35	 0.40	4.508	2.433	pos	6060
100     H2   4.000	0.35	 0.40	4.508	2.433	pos	6061
100     H2   4.000	0.35	 0.40	4.508	2.433	pos	6062
100     H2   4.000	0.35	 0.40	4.508	2.433	pos	6063
100     H2   4.000	0.35	 0.40	4.508	2.433	pos	6064
100     D2   4.000	0.35	 0.40	4.508	2.433	neg	6091
100     D2   4.000	0.35	 0.40	4.508	2.433	neg	6093
100     D2   4.000	0.35	 0.40	4.508	2.433	neg	6096
100     Al   4.000	0.35	 0.40	4.508	2.433	neg	6097
100     Al   4.000	0.35	 0.40	4.508	2.433	neg	6098
100     H2   4.000	0.35	 0.40	4.508	2.433	neg	6099
100     H2   4.000	0.35	 0.40	4.508	2.433	neg	6100
100     H2   4.000	0.35	 0.40	4.508	2.433	neg	6101
100     H2   4.000	0.35	 0.40	4.508	2.433	neg	6102
100     H2   4.000	0.35	 0.40	4.508	2.433	neg	6103

